001,0009149900,20190317,095907
001,0009120490,20190317,101611
001,0004271975,20190317,103559
001,0007444144,20190317,105036
001,0012242955,20190317,112236
001,0009133642,20190317,130653
001,0007437016,20190317,134500
001,0009149912,20190317,134504
001,0005346915,20190317,134508
001,0001519393,20190317,135654
001,0005343738,20190317,135658
001,0007889798,20190317,135703
001,0009131761,20190317,140636
001,0009149900,20190317,162831
001,0007442014,20190317,165529
001,0001533198,20190317,165531
001,0007450873,20190317,171308
001,0005363898,20190317,171336
001,0009016128,20190317,173446
001,0004251631,20190317,173939
001,0002028793,20190317,174430
001,0004265281,20190317,175109
001,0009026944,20190317,175257
001,0002034182,20190317,175359
001,0002038896,20190317,175422
001,0009015133,20190317,175640
001,0001518053,20190317,175645
001,0005377498,20190317,175704
001,0009134252,20190317,175732
001,0001510717,20190317,175806
001,0001525907,20190317,175931
001,0009145887,20190317,180027
001,0009138399,20190317,180207
001,0001523466,20190317,180224
001,0002028550,20190317,180232
001,0004262031,20190317,180238
001,0007244346,20190317,180240
001,0005357652,20190317,180241
001,0009142300,20190317,180244
001,0001525882,20190317,180246
001,0001533202,20190317,180248
001,0002039747,20190317,180250
001,0009137352,20190317,180253
001,0005406127,20190317,180255
001,0004248104,20190317,180256
001,0001584051,20190317,180258
001,0009137409,20190317,180304
001,0007438384,20190317,180307
001,0007247124,20190317,180309
001,0007270117,20190317,180311
001,0009124541,20190317,180316
001,0007450064,20190317,180319
001,0001510860,20190317,180330
001,0009131774,20190317,180332
001,0009128397,20190317,180334
001,0009137393,20190317,180337
001,0002039759,20190317,180340
001,0004248122,20190317,180341
001,0007242126,20190317,180345
001,0009128417,20190317,180347
001,0009128442,20190317,180349
001,0012249660,20190317,180351
001,0001584053,20190317,180353
001,0005383483,20190317,180355
001,0009123042,20190317,180357
001,0009128396,20190317,180359
001,0009120012,20190317,180401
001,0007916954,20190317,180403
001,0009142498,20190317,180405
001,0004266967,20190317,180407
001,0005368295,20190317,180408
001,0007438697,20190317,180417
001,0012239338,20190317,180451
001,0009014880,20190317,180454
001,0009124557,20190317,180506
001,0004248133,20190317,180511
001,0005394236,20190317,180513
001,0002038941,20190317,180525
001,0004776554,20190317,180528
001,0007917151,20190317,180536
001,0007445928,20190317,180540
001,0009122996,20190317,180544
001,0005349700,20190317,180555
001,0012255873,20190317,180603
001,0009137410,20190317,180605
001,0009131742,20190317,180624
001,0009134253,20190317,180726
001,0009120008,20190317,180756
001,0009147197,20190317,180757
001,0007453961,20190317,180802
001,0005392949,20190317,180807
001,0005402745,20190317,180809
001,0009150134,20190317,180845
001,0005415869,20190317,180912
001,0002039980,20190317,181018
001,0004788797,20190317,181029
001,0007263942,20190317,181036
001,0004772776,20190317,181041
001,0007442602,20190317,181046
001,0002029347,20190317,181155
001,0004786126,20190317,181202
001,0004264882,20190317,181203
001,0002029283,20190317,181442
001,0007461060,20190317,181642
001,0007244341,20190317,181646
001,0009041359,20190317,181649
001,0009117183,20190317,181732
001,0009137399,20190317,182056
001,0009137347,20190317,183605
001,0009036772,20190317,183610
001,0009142309,20190317,183612
001,0009137411,20190317,184303
001,0009024730,20190317,184308
001,0007446249,20190317,185541
001,0004763248,20190317,185547
001,0005400446,20190317,185553
001,0009019278,20190317,185601
001,0009147191,20190317,190117
001,0009120490,20190317,190855
001,0005397951,20190317,190949
001,0004765071,20190317,191049
001,0004264881,20190317,193353
001,0001509431,20190317,193654
001,0004270267,20190317,193834
001,0004248103,20190317,194031
001,0005367989,20190317,194158
001,0001523984,20190317,194332
001,0002039757,20190317,194458
001,0004771737,20190317,195113
001,0009018140,20190317,195121
001,0009131470,20190317,195254
001,0009131772,20190317,195318
001,0001513976,20190317,195335
001,0004771682,20190317,195343
001,0002039740,20190317,195533
001,0009139070,20190317,195720
001,0009138356,20190317,195815
001,0009137383,20190317,195832
001,0009131775,20190317,195836
001,0004264708,20190317,195842
001,0004271590,20190317,195854
001,0007306706,20190317,195959
001,0009131763,20190317,200003
001,0002021144,20190317,200005
001,0009131762,20190317,200007
001,0009137343,20190317,200009
001,0001514214,20190317,200011
001,0009131765,20190317,200013
001,0009137392,20190317,200015
001,0009035338,20190317,200016
001,0009137353,20190317,200018
001,0009048475,20190317,200019
001,0009120007,20190317,200021
001,0009138412,20190317,200023
001,0009131754,20190317,200025
001,0009123018,20190317,200028
001,0009123017,20190317,200031
001,0009131759,20190317,200041
001,0002026876,20190317,200109
001,0009149901,20190317,200113
001,0009142305,20190317,200121
001,0002038930,20190317,200147
001,0009142484,20190317,200154
001,0009137346,20190317,200244
001,0004250148,20190317,200706
001,0007439520,20190317,201046
001,0002026045,20190317,201349
001,0007289292,20190317,202245
001,0002029342,20190317,202300
001,0004764378,20190317,202304
001,0009149902,20190317,202313
001,0009017251,20190317,202359
001,0004254480,20190317,202402
001,0009145242,20190317,202434
001,0005358002,20190317,202550
001,0002026875,20190317,202557
001,0007463741,20190317,203015
001,0009131457,20190317,203849
001,0004768303,20190317,204335
001,0005373448,20190317,205043
001,0001525669,20190317,205420
001,0002026861,20190317,205511
001,0009020462,20190317,205515
001,0009046720,20190317,205533
001,0009149894,20190317,205657
001,0009131743,20190317,205701
001,0009042069,20190317,205747
001,0005370068,20190317,210057
001,0004776193,20190317,210100
001,0004264698,20190317,210302
001,0005366887,20190317,211312
001,0009128447,20190317,211314
001,0004263031,20190317,213609
001,0001519578,20190317,214507
001,0007234728,20190317,214511
001,0002028572,20190317,214515
001,0007437016,20190317,214901
001,0009149912,20190317,214905
001,0005346915,20190317,214909
001,0001519393,20190318,054438
001,0005343738,20190318,054445
001,0007889798,20190318,054450
001,0001519578,20190318,055002
001,0007234728,20190318,055007
001,0002028572,20190318,055011
001,0004264881,20190318,073009
001,0002038930,20190318,073210
001,0009142484,20190318,074511
001,0009131470,20190318,074829
001,0004248103,20190318,074835
001,0009131772,20190318,074859
001,0004263031,20190318,082214
001,0004788797,20190318,083140
001,0007263942,20190318,083633
001,0009137346,20190318,083728
001,0009142309,20190318,083735
001,0005367260,20190318,084025
001,0007461060,20190318,084434
001,0009137410,20190318,084543
001,0004264698,20190318,084729
001,0007446249,20190318,084735
001,0009042935,20190318,084740
001,0002026045,20190318,084742
001,0002026876,20190318,084744
001,0007438384,20190318,084747
001,0009149901,20190318,084749
001,0009150134,20190318,084752
001,0001533202,20190318,084756
001,0005357652,20190318,084759
001,0007244346,20190318,084801
001,0001510717,20190318,084802
001,0007450064,20190318,084810
001,0002039759,20190318,084824
001,0007306706,20190318,084827
001,0004271590,20190318,084834
001,0007442602,20190318,084906
001,0009024730,20190318,084922
001,0009142498,20190318,084940
001,0009123042,20190318,084941
001,0004264708,20190318,085016
001,0009137411,20190318,085026
001,0004250148,20190318,085041
001,0009131774,20190318,085054
001,0002029347,20190318,085138
001,0005383483,20190318,085140
001,0007270117,20190318,085143
001,0004248104,20190318,085147
001,0009017251,20190318,085150
001,0001523466,20190318,085207
001,0009036772,20190318,085248
001,0009128396,20190318,085251
001,0001584051,20190318,085337
001,0007445928,20190318,085407
001,0002029283,20190318,085417
001,0007244341,20190318,085434
001,0005394236,20190318,085437
001,0007439520,20190318,085442
001,0002039740,20190318,085500
001,0005370068,20190318,085502
001,0009041359,20190318,085524
001,0009131754,20190318,085533
001,0009131765,20190318,085539
001,0009131763,20190318,085542
001,0007289292,20190318,085545
001,0001514214,20190318,085547
001,0002038941,20190318,085553
001,0004264315,20190318,085606
001,0004248122,20190318,085610
001,0009137409,20190318,085614
001,0002028550,20190318,085616
001,0009137353,20190318,085618
001,0009048475,20190318,085619
001,0009014880,20190318,085621
001,0009138356,20190318,085632
001,0009120008,20190318,085637
001,0009149902,20190318,085642
001,0007916954,20190318,085649
001,0009123017,20190318,085651
001,0009122996,20190318,085719
001,0009131775,20190318,085727
001,0009145242,20190318,085734
001,0009137347,20190318,085747
001,0004771682,20190318,085752
001,0009138412,20190318,085756
001,0001525669,20190318,085759
001,0005358002,20190318,085803
001,0009142305,20190318,085808
001,0001513976,20190318,085833
001,0002026861,20190318,085844
001,0009042069,20190318,085847
001,0009149894,20190318,085849
001,0004763248,20190318,085853
001,0009015133,20190318,085904
001,0009139070,20190318,085909
001,0002029342,20190318,085923
001,0009131457,20190318,085954
001,0002034181,20190318,090007
001,0005381239,20190318,090025
001,0004776193,20190318,090029
001,0001584053,20190318,090041
001,0009137392,20190318,090043
001,0002026875,20190318,090045
001,0009138399,20190318,090051
001,0009137398,20190318,090053
001,0009128417,20190318,090059
001,0002039747,20190318,090102
001,0002021144,20190318,090127
001,0012255873,20190318,090131
001,0009124557,20190318,090147
001,0009137383,20190318,090149
001,0004772776,20190318,090201
001,0004266967,20190318,090208
001,0004770029,20190318,090216
001,0009131743,20190318,090240
001,0009128442,20190318,090244
001,0002034182,20190318,090251
001,0002020993,20190318,090305
001,0009145887,20190318,090308
001,0004264882,20190318,090309
001,0001510860,20190318,090323
001,0002039980,20190318,090326
001,0009133644,20190318,090328
001,0009046720,20190318,090336
001,0012239338,20190318,090346
001,0009131762,20190318,090349
001,0009123018,20190318,090418
001,0007917151,20190318,090437
001,0004776218,20190318,090445
001,0009120007,20190318,090514
001,0007247124,20190318,090516
001,0005402745,20190318,090523
001,0009137352,20190318,090527
001,0007463741,20190318,090537
001,0004764378,20190318,090543
001,0005406127,20190318,090558
001,0007453961,20190318,090612
001,0004254480,20190318,090619
001,0004786126,20190318,090625
001,0009124541,20190318,090632
001,0007438697,20190318,090636
001,0007242126,20190318,090641
001,0004262031,20190318,090654
001,0009128397,20190318,090720
001,0009137399,20190318,090809
001,0009120012,20190318,090814
001,0005373448,20190318,090816
001,0009142300,20190318,090821
001,0009137343,20190318,090825
001,0005400446,20190318,091027
001,0009026944,20190318,091139
001,0002039757,20190318,091148
001,0004265281,20190318,091151
001,0002039765,20190318,091211
001,0004776554,20190318,091235
001,0009147197,20190318,091441
001,0004271975,20190318,091446
001,0004248143,20190318,091508
001,0005377498,20190318,091510
001,0005349700,20190318,091555
001,0007450873,20190318,091712
001,0012249660,20190318,091714
001,0009018140,20190318,091737
001,0009142496,20190318,091843
001,0005368295,20190318,091851
001,0001518053,20190318,091927
001,0004248133,20190318,092220
001,0004765072,20190318,092308
001,0009134253,20190318,092541
001,0009134252,20190318,092721
001,0009035338,20190318,093649
001,0001509431,20190318,093710
001,0001525907,20190318,093714
001,0005397951,20190318,093742
001,0001523984,20190318,094258
001,0009147191,20190318,094433
001,0004771737,20190318,095223
001,0012242955,20190318,095900
001,0009131742,20190318,100748
001,0009019278,20190318,102019
001,0004765071,20190318,102932
001,0005415869,20190318,104500
002,0004771737,20190317,100525
002,0007300086,20190317,160829
002,0007300086,20190317,160831
002,0007448477,20190317,163354
002,0007917126,20190317,170004
002,0004268133,20190317,171321
002,0004264710,20190317,173033
002,0001524283,20190317,173038
002,0009017068,20190317,173042
002,0012234252,20190317,173051
002,0007437180,20190317,173100
002,0001522170,20190317,173110
002,0007268681,20190317,173120
002,0004764973,20190317,174703
002,0004269487,20190317,175725
002,0005352247,20190317,175730
002,0004275281,20190317,175733
002,0012233154,20190317,180036
002,0001533200,20190317,180040
002,0002039786,20190317,180042
002,0009137341,20190317,180044
002,0007323494,20190317,180046
002,0009120027,20190317,180051
002,0009142524,20190317,180056
002,0007268922,20190317,180059
002,0002038927,20190317,180102
002,0004779620,20190317,180104
002,0007440267,20190317,180107
002,0009134479,20190317,180111
002,0009036907,20190317,180113
002,0009149915,20190317,180116
002,0004251641,20190317,180118
002,0007447833,20190317,180121
002,0007247076,20190317,180124
002,0004266963,20190317,180127
002,0007462568,20190317,180130
002,0002038916,20190317,180132
002,0007248800,20190317,180135
002,0009117436,20190317,180137
002,0002028575,20190317,180139
002,0009142503,20190317,180142
002,0004256905,20190317,180145
002,0004260681,20190317,180146
002,0002028575,20190317,180148
002,0009137348,20190317,180150
002,0002039723,20190317,180153
002,0004271092,20190317,180155
002,0005387122,20190317,180157
002,0009027217,20190317,180200
002,0007268739,20190317,180202
002,0005413920,20190317,180204
002,0004767775,20190317,180206
002,0004266992,20190317,180208
002,0009137369,20190317,180211
002,0007917149,20190317,180213
002,0005416570,20190317,180215
002,0009137349,20190317,180217
002,0007237045,20190317,180219
002,0009034626,20190317,180222
002,0007917173,20190317,180226
002,0009137391,20190317,180227
002,0009150107,20190317,180229
002,0012255895,20190317,180230
002,0001520073,20190317,180233
002,0007247100,20190317,180234
002,0004278891,20190317,180238
002,0009137350,20190317,180242
002,0012239292,20190317,180244
002,0009150132,20190317,180246
002,0007448357,20190317,180248
002,0009124537,20190317,180251
002,0009036895,20190317,180252
002,0005361767,20190317,180254
002,0012233159,20190317,180256
002,0007300113,20190317,180258
002,0005371992,20190317,180301
002,0009047263,20190317,180302
002,0009150133,20190317,180304
002,0004275374,20190317,180305
002,0007249679,20190317,180308
002,0009128650,20190317,180310
002,0005415067,20190317,180312
002,0009142522,20190317,180313
002,0002026860,20190317,180316
002,0004777456,20190317,180317
002,0009026935,20190317,180320
002,0009016143,20190317,180321
002,0009032391,20190317,180324
002,0005409108,20190317,180326
002,0007453011,20190317,180327
002,0009122990,20190317,180330
002,0002039785,20190317,180333
002,0007437076,20190317,180335
002,0005342491,20190317,180339
002,0012234410,20190317,180340
002,0002039769,20190317,180342
002,0004266032,20190317,180345
002,0009128649,20190317,180347
002,0004269249,20190317,180349
002,0001514499,20190317,180351
002,0002039771,20190317,180354
002,0001509447,20190317,180357
002,0007450422,20190317,180359
002,0004768658,20190317,180401
002,0005356959,20190317,180404
002,0001511900,20190317,180407
002,0004769671,20190317,180409
002,0002039716,20190317,180411
002,0007437213,20190317,180413
002,0004266292,20190317,180416
002,0007268430,20190317,180419
002,0009150069,20190317,180421
002,0002039741,20190317,180423
002,0007461088,20190317,180425
002,0004264701,20190317,180427
002,0007915760,20190317,180429
002,0009149898,20190317,180431
002,0001531328,20190317,180433
002,0012242990,20190317,180436
002,0007450362,20190317,180438
002,0009146032,20190317,180441
002,0012232271,20190317,180442
002,0009117418,20190317,180444
002,0001522630,20190317,180446
002,0007234867,20190317,180450
002,0007247077,20190317,180452
002,0007264288,20190317,180454
002,0007449806,20190317,180456
002,0004264730,20190317,180458
002,0009134478,20190317,180501
002,0001513975,20190317,180503
002,0005389654,20190317,180505
002,0009142788,20190317,180508
002,0009149899,20190317,180510
002,0005410097,20190317,180511
002,0005369975,20190317,180515
002,0002038942,20190317,180517
002,0009039522,20190317,180519
002,0004786989,20190317,180522
002,0001584212,20190317,180525
002,0009138400,20190317,180529
002,0001584056,20190317,180532
002,0009138400,20190317,180535
002,0009048232,20190317,180537
002,0009023754,20190317,180539
002,0004246920,20190317,180543
002,0009048232,20190317,180545
002,0004250149,20190317,180547
002,0001529589,20190317,180549
002,0009119973,20190317,180553
002,0004276038,20190317,180556
002,0009142505,20190317,180559
002,0004264853,20190317,180601
002,0009142521,20190317,180603
002,0005409092,20190317,180605
002,0004268630,20190317,180608
002,0012242210,20190317,180610
002,0009046455,20190317,180612
002,0002039724,20190317,180616
002,0002039777,20190317,180619
002,0004251653,20190317,180621
002,0007437091,20190317,180624
002,0005395980,20190317,190052
002,0002029324,20190317,192734
002,0007245516,20190317,193201
002,0009133644,20190317,211920
002,0001524283,20190318,082007
002,0007245516,20190318,082015
002,0009017068,20190318,082018
002,0007437180,20190318,082022
002,0004264710,20190318,082024
002,0007268681,20190318,082026
002,0001522170,20190318,082040
002,0012234252,20190318,082701
002,0002029324,20190318,082742
002,0007300086,20190318,083336
002,0009139088,20190318,084501
002,0002038927,20190318,084503
002,0005361767,20190318,084505
002,0004777456,20190318,084506
002,0002026860,20190318,084509
002,0007440267,20190318,084511
002,0004264730,20190318,084514
002,0007247076,20190318,084516
002,0004266992,20190318,084520
002,0002038916,20190318,084521
002,0009134479,20190318,084524
002,0007450362,20190318,084525
002,0012242990,20190318,084528
002,0007237045,20190318,084531
002,0009137348,20190318,084533
002,0002039723,20190318,084536
002,0007457219,20190318,084538
002,0001522630,20190318,084541
002,0009119973,20190318,084543
002,0009032391,20190318,084546
002,0007247077,20190318,084548
002,0001511900,20190318,084551
002,0009046455,20190318,084553
002,0004256905,20190318,084559
002,0012242210,20190318,084604
002,0009142505,20190318,084625
002,0002039714,20190318,084631
002,0002039786,20190318,084701
002,0005395980,20190318,084703
002,0004276038,20190318,084706
002,0005395980,20190318,084708
002,0009016143,20190318,084710
002,0012255895,20190318,084752
002,0007437091,20190318,084804
002,0005410097,20190318,084807
002,0001584056,20190318,084813
002,0009120027,20190318,084817
002,0001513975,20190318,084821
002,0007268922,20190318,084853
002,0009142524,20190318,084856
002,0005387122,20190318,084859
002,0009023754,20190318,084900
002,0007234867,20190318,084905
002,0009149899,20190318,084908
002,0007248800,20190318,084912
002,0004249945,20190318,084920
002,0004250149,20190318,084922
002,0009039522,20190318,084930
002,0002038942,20190318,084932
002,0007461088,20190318,084935
002,0012232271,20190318,084937
002,0004281030,20190318,084940
002,0009137350,20190318,084955
002,0009117436,20190318,084958
002,0004264701,20190318,085003
002,0009134478,20190318,085024
002,0002028575,20190318,085055
002,0007249679,20190318,085100
002,0001533200,20190318,085102
002,0005413920,20190318,085104
002,0009117418,20190318,085115
002,0007447833,20190318,085123
002,0004768658,20190318,085127
002,0005356959,20190318,085136
002,0004271092,20190318,085140
002,0007448357,20190318,085146
002,0009137369,20190318,085147
002,0005371992,20190318,085158
002,0009137349,20190318,085200
002,0001584212,20190318,085212
002,0005369975,20190318,085216
002,0009124537,20190318,085218
002,0009122990,20190318,085221
002,0004278891,20190318,085224
002,0001514499,20190318,085244
002,0005416570,20190318,085252
002,0005409092,20190318,085310
002,0007323494,20190318,085317
002,0004266292,20190318,085322
002,0001531328,20190318,085324
002,0007453011,20190318,085327
002,0004268630,20190318,085337
002,0004269249,20190318,085342
002,0009150132,20190318,085345
002,0004767775,20190318,085349
002,0009137391,20190318,085358
002,0009142788,20190318,085400
002,0002039769,20190318,085403
002,0009142503,20190318,085406
002,0004251641,20190318,085410
002,0012233154,20190318,085415
002,0004268133,20190318,085420
002,0012234410,20190318,085424
002,0007437213,20190318,085445
002,0005389654,20190318,085457
002,0009047263,20190318,085504
002,0004260681,20190318,085506
002,0009047263,20190318,085509
002,0007450422,20190318,085512
002,0004779620,20190318,085530
002,0009026935,20190318,085533
002,0012239292,20190318,085535
002,0005415067,20190318,085540
002,0004266032,20190318,085544
002,0004266963,20190318,085548
002,0009150133,20190318,085551
002,0002039716,20190318,085554
002,0012233159,20190318,085600
002,0009149898,20190318,085604
002,0007917173,20190318,085608
002,0009150069,20190318,085623
002,0005342491,20190318,085633
002,0007264288,20190318,085639
002,0007917149,20190318,085642
002,0007247100,20190318,085645
002,0009128649,20190318,085656
002,0001509447,20190318,085716
002,0009142522,20190318,085726
002,0009142521,20190318,085734
002,0004246920,20190318,085738
002,0009036907,20190318,085740
002,0009149915,20190318,085742
002,0004264853,20190318,085745
002,0007917126,20190318,085752
002,0009036895,20190318,085755
002,0009150107,20190318,085802
002,0005409108,20190318,085806
002,0001529589,20190318,085808
002,0009128650,20190318,085811
002,0004275374,20190318,085826
002,0007462568,20190318,085828
002,0007268430,20190318,085830
002,0004786989,20190318,085855
002,0002039724,20190318,085908
002,0007437076,20190318,085919
002,0009027217,20190318,085945
002,0009138400,20190318,085949
002,0004251653,20190318,090008
002,0009048232,20190318,090009
002,0002039741,20190318,090048
002,0002039777,20190318,090051
002,0009149910,20190318,090130
002,0007915760,20190318,090201
002,0009137357,20190318,090209
002,0009137341,20190318,090212
002,0004769671,20190318,090223
002,0005352247,20190318,090254
002,0007449806,20190318,090318
002,0009034626,20190318,090324
002,0007268739,20190318,090326
002,0001520073,20190318,090334
002,0002039785,20190318,090524
002,0001525882,20190318,090630
002,0009117183,20190318,090632
002,0004269487,20190318,090710
002,0004275281,20190318,091216
002,0004270267,20190318,093932
002,0009016128,20190318,094354
001,0009120490,20190318,105208
001,0009149900,20190318,111304
001,0009134253,20190318,123812
001,0007437016,20190318,134546
001,0009149912,20190318,134550
001,0005346915,20190318,134554
001,0001519393,20190318,135129
001,0005343738,20190318,135133
001,0007889798,20190318,135137
001,0001510717,20190318,135903
001,0009137353,20190318,160614
001,0009137353,20190318,160800
002,0004764973,20190318,111056
002,0007448477,20190318,115711
002,0005352247,20190318,133602
002,0004269487,20190318,133605
002,0007300086,20190318,155108
002,0007268922,20190318,160746
